00000000000000010000000 00 000 001 0 # Linha 0/000000:MOV R1, const
00000000000010000000000 00 000 000 0 # Linha 1/000001: MOV [R1], R2
00000000000001100001000 00 000 000 0
00000000000000001001000 10 000 001 0
00000000000010000000000 00 000 000 0 # Linha 2/000010:MOV [R1], const
00000000000001000001000 00 000 000 0
00000000000000001001000 10 000 001 0
00000000000010010000000 00 000 000 0 # Linha 4/000100: MOV [const], R1
00000000000001100001000 00 000 000 0
00000000000000001001000 10 000 001 0
00000000000010010000000 00 000 000 0 # Linha 5/000101: MOV R1, [const]
00000000000001000001000 00 000 000 0
00000000000000000110000 01 000 000 0
00000000000000010000000 00 000 001 0
00000000000010000000000 00 000 000 0 # Linha 6/000110: MOV R1,[R2]
00000000000001000001000 00 000 000 0
00000000000000000110000 01 000 000 0
00000000000000010000000 00 000 001 0
00000000000000000000100 00 000 000 0 # Linha 7/000111: ADD R1, R2
00000000000000000000010 00 000 000 0
00000000000000000000001 00 000 001 0
00000000000000000000100 00 000 000 0 # Linha 8/001000:ADD R1, constante
00000000000000010000010 00 000 000 0
00000000000000000000001 00 000 001 0
00000000000000000000100 00 000 000 0 # Linha 9/001001: SUB R1, R2
00000000000000000000010 00 001 000 0
00000000000000000000001 00 000 001 0
00000000000000000000100 00 000 000 0  # Linha 10/001010: SUB R1, constante
00000000000000010000010 00 001 000 0
00000000000000000000001 00 000 001 0
00000000000000000000100 00 000 000 0 # Linha 11/001011:MUL R1, R2
00000000000000000000010 00 011 000 0
00000000000000000000001000000010
00000000000000000000100 00 000 000 0 # Linha 12/001100: MUL R1, constante
00000000000000010000010 00 011 000 0
00000000000000000000001 00 000 001 0
00000000000000000000100 00 000 000 0 # Linha 13 /001101: DIV R1, R2
00000000000000000000010 00 010 000 0
00000000000000000000001 00 000 001 0
00000000000000000000100 00 000 000 0 # Linha 14/001110: DIV R1, constante
00000000000000010000010000100000
00000000000000000000001 00 000 001 0
00000000000000000000100 00 000 000 0 # Linha 15/001111: MOD R1, R2
00000000000000000000010 00 100 000 0
00000000000000000000001 00 000 001 0
00000000000000000000100 00 000 000 0 # Linha 16/010000    :MOD R1,constante
00000000000000010000010 00 100 000 0
00000000000000000000001 00 000 001 0
01000000000000010000000 00 000 001 0 # Linha 17/010001:JMP 
00000000000000000000000 00 000 110 0 # Linha 18/010010: JE
01000000000000010000000 00 000 001 0
00000000000000000000000 00 000 010 0 # Linha 19/010011:JNE
01000000000000010000000 00 000 001 0
00000000000000000000000 00 000 101 0 # Linha 20/010100:JG
01000000000000010000000 00 000 001 0
00000000000000000000000 00 000 100 0 # Linha 21/010101: JGE
01000000000000010000000 00 000 001 0
00000000000000000000000 00 000 111 0 # Linha 22/010110: JL
01000000000000010000000 00 000 001 0
00000000000000000000000 00 000 011 0 # Linha 23/010111:JLE
01000000000000010000000 00 000 001 0
00000000000000000000100 00 000 000 0 # Linha 24/011000: CMP R1, R2
00000000000000000000010 00 001 001 0
00000000000000000000000 00 000 001 0 # Linha 25/011001: MOV R1, R2
00000000000010010000000 00 000 000 0 # Linha 26/011010: CMP R1, constante
00000000000001000001000 00 000 000 0
00000000000000000110000 01 000 000 0
00000000000000000000100 00 001 000 0
00000000000000010000010 00 000 001 0
